7 2 3 0 1 9 8 4 5 6
6.905898595678598983e-01 8.362716819563296156e-01 8.947504246901086811e-01 9.447332792071543306e-01 8.008974437623728182e-01 9.784622044222095472e-01 9.093785554963147444e-01 9.558560797786002095e-01 9.104262182392257596e-01 9.730241121542096971e-01
5.814469300933722273e-01 7.517231187688609984e-01 7.640038518444099980e-01 9.033868329074901116e-01 7.115823075528603381e-01 9.699608542529555288e-01 8.785184644602445081e-01 9.152809889141926281e-01 9.093728529365148194e-01 9.607538036815137517e-01
5.379095837967874383e-01 6.767864898814123231e-01 6.712971728241352576e-01 8.095112849882041273e-01 6.647783217928638910e-01 9.322349709870672019e-01 8.634312468420619613e-01 8.989981331832219702e-01 9.095278410943211655e-01 9.520598516907693432e-01
5.131336571865411367e-01 6.092830028939543174e-01 6.216046387925959760e-01 7.257473296950140984e-01 6.393361022741089750e-01 8.645400514129238934e-01 8.552823796635170561e-01 8.909265168708973004e-01 9.086839071010818225e-01 9.452490392723014168e-01
4.999909933235404669e-01 5.804109240428320104e-01 5.943256919023377494e-01 6.773892574373615583e-01 6.234485803175597862e-01 7.889771311832134426e-01 8.512254851550801193e-01 8.854572016766213416e-01 9.091471294081536758e-01 9.427887243363073377e-01
4.908206151023277175e-01 5.430167750724268494e-01 5.741370640843889150e-01 6.476267607917102209e-01 6.133405637591252679e-01 7.415776606652342284e-01 8.482850277951399232e-01 8.825282556214879559e-01 9.085065632259148316e-01 9.392770952315053767e-01
4.836891888247092930e-01 5.264821109313820857e-01 5.597263320345500226e-01 6.215236859243287171e-01 6.071246507968103279e-01 7.072748281013370164e-01 8.461878968313898408e-01 8.802099771991001020e-01 9.081521021578218278e-01 9.384065134302230771e-01
4.791502519578695884e-01 5.097119295761014524e-01 5.497514989562698462e-01 5.992802755259435399e-01 6.014588869209082089e-01 6.611534115925332689e-01 8.444406827099172341e-01 8.772298587604179243e-01 9.083469374387206363e-01 9.370953495033816916e-01
4.744269480661058025e-01 4.969938637294171735e-01 5.411305977882462370e-01 5.868784179154671321e-01 5.979119446979274111e-01 6.479084271261339456e-01 8.434233830466636439e-01 8.766444894911594732e-01 9.081996276819470637e-01 9.361162745360295245e-01
4.726189474644017507e-01 4.919128802920226806e-01 5.344681586349778746e-01 5.774200804342350946e-01 5.944851569295758198e-01 6.323691969516704869e-01 8.423778840501796594e-01 8.757984739742111779e-01 9.082799629199306279e-01 9.352129680002554402e-01
